# Time-averaged data for fix 1
# TimeStep v_sim_time v_T_trans v_T_rot
0 0 2980.47 984.893
1 1e-12 2975.77 988.252
2 2e-12 2971.99 993.369
3 3e-12 2969.92 999.594
4 4e-12 2964.03 1008.3
5 5e-12 2959.44 1016.03
6 6e-12 2955.1 1021.96
7 7e-12 2953.43 1026.55
8 8e-12 2951.4 1031.1
9 9e-12 2948.16 1035.57
10 1e-11 2944.75 1039.25
11 1.1e-11 2940 1044.53
12 1.2e-11 2937.61 1050
13 1.3e-11 2935.21 1054.59
14 1.4e-11 2932.32 1056.76
15 1.5e-11 2926.73 1060.22
16 1.6e-11 2927.31 1065.98
17 1.7e-11 2922.11 1072.36
18 1.8e-11 2918.32 1077.31
19 1.9e-11 2918.61 1078.97
20 2e-11 2915.38 1087.55
21 2.1e-11 2912.86 1089.34
22 2.2e-11 2909.61 1092.99
23 2.3e-11 2905.23 1101.17
24 2.4e-11 2899.04 1106.5
25 2.5e-11 2894.6 1111.69
26 2.6e-11 2891.95 1114.48
27 2.7e-11 2891.41 1119.44
28 2.8e-11 2887.11 1125.48
29 2.9e-11 2883.89 1132.51
30 3e-11 2878.74 1134.87
31 3.1e-11 2876.45 1139.22
32 3.2e-11 2873.65 1145.78
33 3.3e-11 2870.76 1148.81
34 3.4e-11 2869.45 1152.05
35 3.5e-11 2866.71 1157.33
36 3.6e-11 2862.85 1161.55
37 3.7e-11 2860.6 1164.78
38 3.8e-11 2857.29 1170.3
39 3.9e-11 2854.41 1175.38
40 4e-11 2850.82 1180.36
41 4.1e-11 2849.06 1183.61
42 4.2e-11 2843.54 1190.37
43 4.3e-11 2841.85 1193.98
44 4.4e-11 2836.6 1199
45 4.5e-11 2833.26 1203.57
46 4.6e-11 2832.51 1209.91
47 4.7e-11 2829.68 1214.77
48 4.8e-11 2824.48 1219.24
49 4.9e-11 2820.18 1224.44
50 5e-11 2818.81 1227.46
51 5.1e-11 2815.23 1232.48
52 5.2e-11 2811.44 1239.02
53 5.3e-11 2807.91 1243.98
54 5.4e-11 2805.46 1246.49
55 5.5e-11 2801.61 1253.21
56 5.6e-11 2799.14 1257.41
57 5.7e-11 2795.12 1261.09
58 5.8e-11 2791.17 1264.85
59 5.9e-11 2790.76 1268.89
60 6e-11 2787.79 1272.61
61 6.1e-11 2783.55 1277.71
62 6.2e-11 2784.28 1279.11
63 6.3e-11 2781.48 1281.41
64 6.4e-11 2780.32 1284.47
65 6.5e-11 2776.62 1289.74
66 6.6e-11 2776.72 1292.59
67 6.7e-11 2771.4 1298.91
68 6.8e-11 2769.65 1304.04
69 6.9e-11 2765.57 1306.78
70 7e-11 2763.77 1310.15
71 7.1e-11 2760.52 1315.41
72 7.2e-11 2756.55 1322.21
73 7.3e-11 2752.89 1326.41
74 7.4e-11 2749.13 1330
75 7.5e-11 2749.4 1332.98
76 7.6e-11 2746.7 1337.91
77 7.7e-11 2744.7 1339.28
78 7.8e-11 2739.66 1344.19
79 7.9e-11 2738.68 1347.19
80 8e-11 2734.89 1351.33
81 8.1e-11 2734.74 1351.91
82 8.2e-11 2732.08 1354.52
83 8.3e-11 2731.18 1357.65
84 8.4e-11 2729.17 1362.71
85 8.5e-11 2725.45 1368.18
86 8.6e-11 2721.49 1373.09
87 8.7e-11 2719.22 1376.53
88 8.8e-11 2720.14 1378.59
89 8.9e-11 2718.13 1380.79
90 9e-11 2713.91 1385.52
91 9.1e-11 2712.92 1390.1
92 9.2e-11 2711.35 1393.36
93 9.3e-11 2708.89 1395.39
94 9.4e-11 2705.18 1399.57
95 9.5e-11 2702.79 1401.28
96 9.6e-11 2700.1 1404.33
97 9.7e-11 2694.69 1412.54
98 9.8e-11 2690.79 1414.23
99 9.9e-11 2690.28 1419.11
100 1e-10 2688.48 1422.04
101 1.01e-10 2686.47 1424.95
102 1.02e-10 2686.25 1427.19
103 1.03e-10 2684.37 1428.8
104 1.04e-10 2682.46 1432.07
105 1.05e-10 2679.3 1437.03
106 1.06e-10 2678.2 1439.52
107 1.07e-10 2675.76 1441.39
108 1.08e-10 2672.76 1446.82
109 1.09e-10 2672.26 1447.87
110 1.1e-10 2671.26 1451.46
111 1.11e-10 2669.96 1454.76
112 1.12e-10 2665.99 1456.38
113 1.13e-10 2662.63 1459.32
114 1.14e-10 2664.25 1462.32
115 1.15e-10 2660.78 1464.32
116 1.16e-10 2658.7 1468.68
117 1.17e-10 2653.58 1475.85
118 1.18e-10 2652.68 1478.72
119 1.19e-10 2650.75 1483.44
120 1.2e-10 2646.46 1486.97
121 1.21e-10 2640.64 1494.34
122 1.22e-10 2639.76 1497.25
123 1.23e-10 2638.04 1501.16
124 1.24e-10 2632.18 1505.63
125 1.25e-10 2631.09 1508.68
126 1.26e-10 2631.36 1508.88
127 1.27e-10 2631.77 1512.47
128 1.28e-10 2630.73 1514.51
129 1.29e-10 2626.97 1517.55
130 1.3e-10 2624.74 1520.95
131 1.31e-10 2619.34 1527.72
132 1.32e-10 2617.39 1530.62
133 1.33e-10 2613.95 1534.09
134 1.34e-10 2612.82 1536.53
135 1.35e-10 2610.08 1540.61
136 1.36e-10 2609.28 1542.04
137 1.37e-10 2606.07 1545.44
138 1.38e-10 2604.57 1549.89
139 1.39e-10 2601.92 1553.32
140 1.4e-10 2600.58 1555.62
141 1.41e-10 2598.21 1558.25
142 1.42e-10 2597.82 1559.78
143 1.43e-10 2596.62 1559.69
144 1.44e-10 2592.17 1564.46
145 1.45e-10 2591.73 1567.86
146 1.46e-10 2589.86 1569.37
147 1.47e-10 2586.26 1575.4
148 1.48e-10 2584.74 1579.54
149 1.49e-10 2582.87 1580.99
150 1.5e-10 2581.16 1582.92
151 1.51e-10 2578.08 1586.35
152 1.52e-10 2577.04 1592.14
153 1.53e-10 2574.71 1593.08
154 1.54e-10 2575.36 1592.46
155 1.55e-10 2574.09 1593.31
156 1.56e-10 2571.17 1596.16
157 1.57e-10 2568.47 1599.58
158 1.58e-10 2567.46 1601.42
159 1.59e-10 2570.68 1599.88
160 1.6e-10 2568.65 1605.09
161 1.61e-10 2563.23 1607.07
162 1.62e-10 2562.35 1610.31
163 1.63e-10 2562.65 1612.89
164 1.64e-10 2559.93 1614.26
165 1.65e-10 2560.91 1617.86
166 1.66e-10 2557.09 1620.81
167 1.67e-10 2556.46 1621.9
168 1.68e-10 2554.16 1625.08
169 1.69e-10 2553.75 1625.45
170 1.7e-10 2552.12 1625.91
171 1.71e-10 2552.04 1628.08
172 1.72e-10 2550.41 1629.42
173 1.73e-10 2548.47 1628.42
174 1.74e-10 2547.74 1634.26
175 1.75e-10 2543.88 1636.54
176 1.76e-10 2541.74 1639.58
177 1.77e-10 2539.98 1643.19
178 1.78e-10 2538.08 1646.05
179 1.79e-10 2537.15 1650.48
180 1.8e-10 2533.82 1651.6
181 1.81e-10 2531.38 1654.25
182 1.82e-10 2529.97 1654.98
183 1.83e-10 2528.51 1658.99
184 1.84e-10 2527.66 1663.39
185 1.85e-10 2526.36 1664.05
186 1.86e-10 2525.76 1664.44
187 1.87e-10 2522.21 1671.55
188 1.88e-10 2519.99 1674.85
189 1.89e-10 2518.27 1678.03
190 1.9e-10 2517.76 1678.04
191 1.91e-10 2517.33 1681.97
192 1.92e-10 2514.84 1682.26
193 1.93e-10 2513.42 1684.42
194 1.94e-10 2512.04 1685.63
195 1.95e-10 2510.08 1688.94
196 1.96e-10 2510.82 1689.53
197 1.97e-10 2508.52 1690.84
198 1.98e-10 2508.94 1692.71
199 1.99e-10 2507.93 1696.1
200 2e-10 2507.28 1695.82
201 2.01e-10 2506.98 1697.84
202 2.02e-10 2503.97 1701.12
203 2.03e-10 2504.73 1701.35
204 2.04e-10 2502.28 1702.83
205 2.05e-10 2501.33 1704.19
206 2.06e-10 2499.4 1706.42
207 2.07e-10 2499.69 1706.92
208 2.08e-10 2499.06 1705.65
209 2.09e-10 2499.5 1706.92
210 2.1e-10 2498.53 1710.7
211 2.11e-10 2494.42 1713.54
212 2.12e-10 2494.19 1715.84
213 2.13e-10 2490.69 1718.88
214 2.14e-10 2490.92 1720.17
215 2.15e-10 2490.07 1722.36
216 2.16e-10 2490.97 1724.76
217 2.17e-10 2489.55 1724.63
218 2.18e-10 2489.91 1725.7
219 2.19e-10 2488.09 1726.05
220 2.2e-10 2486.23 1726.98
221 2.21e-10 2486.1 1727.65
222 2.22e-10 2485.05 1731.04
223 2.23e-10 2482.83 1734.08
224 2.24e-10 2479.85 1732.2
225 2.25e-10 2480.49 1735.01
226 2.26e-10 2476.34 1739.53
227 2.27e-10 2477.04 1741.85
228 2.28e-10 2474.44 1745.41
229 2.29e-10 2472.51 1746.33
230 2.3e-10 2470.51 1747.68
231 2.31e-10 2468.73 1748.26
232 2.32e-10 2470.7 1747.69
233 2.33e-10 2470.34 1749.82
234 2.34e-10 2469.01 1752.38
235 2.35e-10 2467.36 1751.51
236 2.36e-10 2469.38 1752.23
237 2.37e-10 2468.35 1754.84
238 2.38e-10 2466.06 1757.17
239 2.39e-10 2462.45 1759.2
240 2.4e-10 2461.73 1760.68
241 2.41e-10 2463.44 1762.27
242 2.42e-10 2460.07 1763.43
243 2.43e-10 2459.62 1765.45
244 2.44e-10 2458.75 1767.13
245 2.45e-10 2456.8 1767.55
246 2.46e-10 2457.39 1768.26
247 2.47e-10 2454.45 1772.44
248 2.48e-10 2452.31 1776.51
249 2.49e-10 2452.16 1776.5
250 2.5e-10 2452.5 1778.16
251 2.51e-10 2448.38 1779.84
252 2.52e-10 2449.9 1782.31
253 2.53e-10 2448.31 1787.03
254 2.54e-10 2445.83 1786.77
255 2.55e-10 2444.38 1787.33
256 2.56e-10 2443.98 1786.83
257 2.57e-10 2444.1 1787.53
258 2.58e-10 2443.17 1787.75
259 2.59e-10 2443 1789.81
260 2.6e-10 2439.34 1795.47
261 2.61e-10 2438.36 1794.44
262 2.62e-10 2437.12 1795.2
263 2.63e-10 2438.44 1795.15
264 2.64e-10 2439.02 1796.23
265 2.65e-10 2438.34 1799.48
266 2.66e-10 2436.91 1800.2
267 2.67e-10 2434.98 1803.94
268 2.68e-10 2436.8 1804.51
269 2.69e-10 2435.1 1807.2
270 2.7e-10 2432.71 1807.63
271 2.71e-10 2430.81 1809.14
272 2.72e-10 2429.83 1809.39
273 2.73e-10 2431.91 1809.64
274 2.74e-10 2430.48 1811.83
275 2.75e-10 2430.35 1810.56
276 2.76e-10 2429.15 1812.19
277 2.77e-10 2429.9 1811.17
278 2.78e-10 2427.92 1814.42
279 2.79e-10 2427.37 1816.03
280 2.8e-10 2426.3 1815.99
281 2.81e-10 2425.33 1816.18
282 2.82e-10 2426.96 1819.08
283 2.83e-10 2426.96 1818.49
284 2.84e-10 2424.25 1819.23
285 2.85e-10 2424.7 1821.62
286 2.86e-10 2420.57 1823.98
287 2.87e-10 2419.2 1824.72
288 2.88e-10 2420.55 1824.95
289 2.89e-10 2420.32 1827.69
290 2.9e-10 2418.56 1828.72
291 2.91e-10 2414.4 1831.25
292 2.92e-10 2415.5 1833.58
293 2.93e-10 2414.21 1832.94
294 2.94e-10 2413.05 1835.47
295 2.95e-10 2412.28 1837.28
296 2.96e-10 2411.35 1839.86
297 2.97e-10 2409.35 1843.21
298 2.98e-10 2408.18 1844.68
299 2.99e-10 2407.16 1844.64
300 3e-10 2407.39 1847.21
301 3.01e-10 2404.73 1845.86
302 3.02e-10 2402.13 1850.05
303 3.03e-10 2401.73 1853.11
304 3.04e-10 2403.55 1854.51
305 3.05e-10 2403.37 1853.89
306 3.06e-10 2402.1 1855.55
307 3.07e-10 2400.67 1856.03
308 3.08e-10 2400.19 1854.82
309 3.09e-10 2399.58 1855.7
310 3.1e-10 2400.01 1858.2
311 3.11e-10 2398.3 1861.72
312 3.12e-10 2395.47 1861.67
313 3.13e-10 2393.84 1863.78
314 3.14e-10 2394.55 1866.99
315 3.15e-10 2392.58 1866.49
316 3.16e-10 2389.74 1869.23
317 3.17e-10 2390.91 1869.68
318 3.18e-10 2391.91 1870.52
319 3.19e-10 2390.2 1870.78
320 3.2e-10 2388.48 1871.63
321 3.21e-10 2386.32 1874.94
322 3.22e-10 2386.04 1876.91
323 3.23e-10 2386.75 1875.75
324 3.24e-10 2385.07 1877.61
325 3.25e-10 2384.93 1878.32
326 3.26e-10 2383.81 1880.56
327 3.27e-10 2383.02 1882.04
328 3.28e-10 2382.33 1881.7
329 3.29e-10 2381.43 1882.56
330 3.3e-10 2379.37 1885.82
331 3.31e-10 2377.96 1885.84
332 3.32e-10 2377.64 1884.68
333 3.33e-10 2375.91 1888.06
334 3.34e-10 2375.67 1893.51
335 3.35e-10 2374.46 1893.83
336 3.36e-10 2373.19 1894.05
337 3.37e-10 2371.55 1895.42
338 3.38e-10 2370.56 1897.32
339 3.39e-10 2368.3 1902.37
340 3.4e-10 2368.34 1901.38
341 3.41e-10 2367.26 1900.71
342 3.42e-10 2370.56 1897.04
343 3.43e-10 2370.41 1898.4
344 3.44e-10 2370.86 1900.1
345 3.45e-10 2370.84 1902.13
346 3.46e-10 2368.34 1902.46
347 3.47e-10 2368.69 1900.56
348 3.48e-10 2367.75 1902.71
349 3.49e-10 2367.47 1900.61
350 3.5e-10 2369.68 1899.62
351 3.51e-10 2369.77 1902.11
352 3.52e-10 2368.88 1901.27
353 3.53e-10 2369.88 1900.86
354 3.54e-10 2370.79 1901.21
355 3.55e-10 2369.39 1901.73
356 3.56e-10 2369.2 1904.28
357 3.57e-10 2367.07 1904.85
358 3.58e-10 2367.59 1904.58
359 3.59e-10 2367.05 1907.34
360 3.6e-10 2364.36 1907.09
361 3.61e-10 2362.15 1908.84
362 3.62e-10 2363.14 1909.56
363 3.63e-10 2359.71 1913.76
364 3.64e-10 2359.01 1916.69
365 3.65e-10 2358.52 1916.03
366 3.66e-10 2357.49 1919.82
367 3.67e-10 2355.72 1924.91
368 3.68e-10 2355.7 1926.51
369 3.69e-10 2353.96 1925.06
370 3.7e-10 2352.75 1926.15
371 3.71e-10 2352.51 1929.04
372 3.72e-10 2354.22 1930.48
373 3.73e-10 2349.84 1929.98
374 3.74e-10 2349.63 1931.64
375 3.75e-10 2349.77 1932.52
376 3.76e-10 2348.36 1932.3
377 3.77e-10 2348.02 1934.76
378 3.78e-10 2345.31 1937.45
379 3.79e-10 2347.33 1937.04
380 3.8e-10 2346.62 1938.22
381 3.81e-10 2345.3 1934.73
382 3.82e-10 2346.76 1936.65
383 3.83e-10 2346.04 1936.14
384 3.84e-10 2346.49 1937.57
385 3.85e-10 2342.17 1940.05
386 3.86e-10 2339.7 1941.79
387 3.87e-10 2341.62 1942.45
388 3.88e-10 2341.44 1942.85
389 3.89e-10 2340.37 1942.34
390 3.9e-10 2339.86 1946.25
391 3.91e-10 2340.81 1945.49
392 3.92e-10 2340.49 1947.11
393 3.93e-10 2339.64 1945.23
394 3.94e-10 2339.62 1947.56
395 3.95e-10 2339.11 1946.26
396 3.96e-10 2338.97 1944.46
397 3.97e-10 2338.47 1946.01
398 3.98e-10 2339.25 1947.89
399 3.99e-10 2339.8 1947.21
400 4e-10 2339.26 1948.22
401 4.01e-10 2339.42 1946.83
402 4.02e-10 2336.36 1948.61
403 4.03e-10 2337.01 1949.79
404 4.04e-10 2337.64 1951.18
405 4.05e-10 2338.11 1951.85
406 4.06e-10 2336.76 1954.46
407 4.07e-10 2335.04 1956.2
408 4.08e-10 2334.54 1955.4
409 4.09e-10 2333.35 1953.89
410 4.1e-10 2334.2 1958.18
411 4.11e-10 2333.25 1959.51
412 4.12e-10 2331.49 1960.27
413 4.13e-10 2329.95 1959.32
414 4.14e-10 2330.64 1957.49
415 4.15e-10 2331.97 1959.48
416 4.16e-10 2329.42 1960.59
417 4.17e-10 2329.01 1961.7
418 4.18e-10 2328.52 1964.06
419 4.19e-10 2326.56 1964.68
420 4.2e-10 2323.93 1965.83
421 4.21e-10 2325.34 1967.68
422 4.22e-10 2325.41 1967.16
423 4.23e-10 2323.49 1969.45
424 4.24e-10 2323.99 1970.23
425 4.25e-10 2322.48 1972.61
426 4.26e-10 2322.64 1975.27
427 4.27e-10 2322.09 1974.57
428 4.28e-10 2320.22 1973.66
429 4.29e-10 2314.79 1981.18
430 4.3e-10 2314.07 1982
431 4.31e-10 2315.36 1982.98
432 4.32e-10 2314.85 1986.18
433 4.33e-10 2311.64 1987.61
434 4.34e-10 2311.42 1987.28
435 4.35e-10 2314.41 1983.97
436 4.36e-10 2312.16 1986.8
437 4.37e-10 2311 1987.31
438 4.38e-10 2310.72 1984.95
439 4.39e-10 2311.25 1987.9
440 4.4e-10 2308.27 1989.88
441 4.41e-10 2309.42 1989.83
442 4.42e-10 2312.05 1987.86
443 4.43e-10 2310.33 1989.94
444 4.44e-10 2307.45 1995.49
445 4.45e-10 2309.32 1995.13
446 4.46e-10 2308.6 1996.26
447 4.47e-10 2307.92 1998.22
448 4.48e-10 2309.2 1993.96
449 4.49e-10 2306.53 1996.13
450 4.5e-10 2307.87 1997.56
451 4.51e-10 2307.13 1996.64
452 4.52e-10 2305.43 1998.78
453 4.53e-10 2304.34 1997.84
454 4.54e-10 2306.15 1996.96
455 4.55e-10 2305.08 1997.33
456 4.56e-10 2303.44 1999.25
457 4.57e-10 2303.29 1998.41
458 4.58e-10 2303.79 1998.91
459 4.59e-10 2303.03 2000.75
460 4.6e-10 2300.11 2005.71
461 4.61e-10 2301.02 2003.64
462 4.62e-10 2299.11 2004.94
463 4.63e-10 2298.08 2005.64
464 4.64e-10 2298.5 2006.21
465 4.65e-10 2298.54 2009.8
466 4.66e-10 2298.5 2009.5
467 4.67e-10 2297.72 2008.85
468 4.68e-10 2295.94 2012.41
469 4.69e-10 2295.46 2011.7
470 4.7e-10 2295.43 2011.85
471 4.71e-10 2295.07 2015.34
472 4.72e-10 2293.9 2014.7
473 4.73e-10 2293.92 2013.22
474 4.74e-10 2293.74 2016.8
475 4.75e-10 2294.08 2014.94
476 4.76e-10 2291.1 2017.86
477 4.77e-10 2289.63 2019.96
478 4.78e-10 2289.13 2019.89
479 4.79e-10 2288.38 2021.38
480 4.8e-10 2290.68 2021.76
481 4.81e-10 2288.3 2021.53
482 4.82e-10 2288.29 2022.7
483 4.83e-10 2286.33 2020.7
484 4.84e-10 2285.36 2024
485 4.85e-10 2285.05 2024.55
486 4.86e-10 2287.32 2023.79
487 4.87e-10 2289.56 2023.67
488 4.88e-10 2287.05 2023.83
489 4.89e-10 2286.59 2025.76
490 4.9e-10 2285.68 2023.14
491 4.91e-10 2285.19 2026.86
492 4.92e-10 2284.1 2030.65
493 4.93e-10 2283.5 2033.34
494 4.94e-10 2282.79 2033.01
495 4.95e-10 2284.05 2032.99
496 4.96e-10 2283.17 2033.92
497 4.97e-10 2281.81 2031.47
498 4.98e-10 2282.48 2031.62
499 4.99e-10 2281.42 2034.51
500 5e-10 2277.88 2035.88
501 5.01e-10 2277.71 2034.41
502 5.02e-10 2278.72 2035.89
503 5.03e-10 2278.81 2036.84
504 5.04e-10 2278.24 2039.42
505 5.05e-10 2279.3 2035.89
506 5.06e-10 2278.06 2036.09
507 5.07e-10 2277.22 2035.84
508 5.08e-10 2277.38 2037.31
509 5.09e-10 2278.34 2037.33
510 5.1e-10 2277.25 2040.07
511 5.11e-10 2277.9 2038.28
512 5.12e-10 2276.98 2040.08
513 5.13e-10 2278.03 2039.17
514 5.14e-10 2278.61 2039.34
515 5.15e-10 2279.79 2039.53
516 5.16e-10 2278.13 2038.46
517 5.17e-10 2277.67 2039.32
518 5.18e-10 2276.88 2040.3
519 5.19e-10 2278.23 2037.03
520 5.2e-10 2276.51 2039.36
521 5.21e-10 2276.11 2041.38
522 5.22e-10 2275.53 2040.75
523 5.23e-10 2274.6 2041.9
524 5.24e-10 2274.45 2043.48
525 5.25e-10 2273.49 2043.29
526 5.26e-10 2273.79 2043.88
527 5.27e-10 2271.9 2043.39
528 5.28e-10 2272.25 2045.13
529 5.29e-10 2271.52 2045.51
530 5.3e-10 2271.93 2045.32
531 5.31e-10 2271.97 2046.81
532 5.32e-10 2269.75 2049.12
533 5.33e-10 2271.65 2046.93
534 5.34e-10 2271.91 2047.96
535 5.35e-10 2271.81 2046.5
536 5.36e-10 2270.35 2049.54
537 5.37e-10 2270.53 2049.18
538 5.38e-10 2269.31 2050.18
539 5.39e-10 2267.8 2051.54
540 5.4e-10 2268.12 2052.55
541 5.41e-10 2267.3 2052.32
542 5.42e-10 2267.08 2054.17
543 5.43e-10 2265.47 2056.46
544 5.44e-10 2266.29 2055.71
545 5.45e-10 2267.53 2056.17
546 5.46e-10 2265.29 2056.06
547 5.47e-10 2265.1 2056.1
548 5.48e-10 2265.63 2056.5
549 5.49e-10 2265.2 2055.85
550 5.5e-10 2266.39 2055.27
551 5.51e-10 2264.74 2058.07
552 5.52e-10 2263 2058.27
553 5.53e-10 2262.82 2060.07
554 5.54e-10 2262.79 2062.58
555 5.55e-10 2263.5 2062.52
556 5.56e-10 2262.82 2064.2
557 5.57e-10 2261.26 2063.87
558 5.58e-10 2260.32 2063.08
559 5.59e-10 2259.39 2064.32
560 5.6e-10 2258.39 2065.55
561 5.61e-10 2259.26 2068.01
562 5.62e-10 2257.59 2069.12
563 5.63e-10 2256.36 2068.28
564 5.64e-10 2257.63 2068.64
565 5.65e-10 2259.49 2068.2
566 5.66e-10 2258.23 2068.93
567 5.67e-10 2257.02 2071.1
568 5.68e-10 2256.09 2070.22
569 5.69e-10 2258.34 2071.91
570 5.7e-10 2256.15 2070.5
571 5.71e-10 2255.16 2070.43
572 5.72e-10 2254.93 2071.18
573 5.73e-10 2254.55 2071.04
574 5.74e-10 2255.94 2069.73
575 5.75e-10 2254.39 2073.91
576 5.76e-10 2253.48 2074.73
577 5.77e-10 2253.45 2077.23
578 5.78e-10 2254.88 2074.81
579 5.79e-10 2252.05 2076.75
580 5.8e-10 2250.83 2077.88
581 5.81e-10 2249.94 2081.8
582 5.82e-10 2250.32 2082.38
583 5.83e-10 2248.19 2082.41
584 5.84e-10 2247.31 2083.82
585 5.85e-10 2246.69 2086.96
586 5.86e-10 2247.7 2085.51
587 5.87e-10 2247.04 2084.91
588 5.88e-10 2247.29 2084.11
589 5.89e-10 2248.18 2082.77
590 5.9e-10 2246.47 2084.02
591 5.91e-10 2247.19 2084.33
592 5.92e-10 2246.71 2085.68
593 5.93e-10 2247.31 2086.59
594 5.94e-10 2245.6 2090.14
595 5.95e-10 2244.12 2090.08
596 5.96e-10 2245.49 2086.27
597 5.97e-10 2246.33 2085.33
598 5.98e-10 2243.19 2087.59
599 5.99e-10 2243.78 2088.08
600 6e-10 2243.22 2088.34
601 6.01e-10 2243.93 2087.36
602 6.02e-10 2243.41 2087.6
603 6.03e-10 2243.9 2087.48
604 6.04e-10 2245.06 2087.23
605 6.05e-10 2244.96 2088.57
606 6.06e-10 2245.49 2089.69
607 6.07e-10 2242.99 2090.56
608 6.08e-10 2242.83 2091.48
609 6.09e-10 2242.41 2093.65
610 6.1e-10 2239.54 2095.89
611 6.11e-10 2240.03 2096.19
612 6.12e-10 2237.13 2099.2
613 6.13e-10 2236.54 2101.36
614 6.14e-10 2235.11 2101.93
615 6.15e-10 2235.77 2102.59
616 6.16e-10 2237.37 2100.9
617 6.17e-10 2237.01 2101.15
618 6.18e-10 2237.57 2101.42
619 6.19e-10 2236.2 2103.14
620 6.2e-10 2235.32 2105.02
621 6.21e-10 2234.19 2106
622 6.22e-10 2234.05 2107.06
623 6.23e-10 2234.3 2106.52
624 6.24e-10 2235.06 2104.68
625 6.25e-10 2235.96 2104.2
626 6.26e-10 2234.98 2104.32
627 6.27e-10 2237.77 2100.8
628 6.28e-10 2234.88 2104.8
629 6.29e-10 2233.53 2105.15
630 6.3e-10 2234.86 2107.31
631 6.31e-10 2234.02 2105.17
632 6.32e-10 2234.34 2105.78
633 6.33e-10 2234.1 2108.72
634 6.34e-10 2233.86 2106.48
635 6.35e-10 2232.25 2108.92
636 6.36e-10 2232.23 2109.17
637 6.37e-10 2230.14 2108.54
638 6.38e-10 2233.53 2110.49
639 6.39e-10 2233.32 2109.91
640 6.4e-10 2233.82 2108.27
641 6.41e-10 2234.07 2105.06
642 6.42e-10 2232.25 2105.75
643 6.43e-10 2234 2106.65
644 6.44e-10 2233.07 2106.54
645 6.45e-10 2233.65 2105.7
646 6.46e-10 2229.48 2108.76
647 6.47e-10 2229.79 2110.33
648 6.48e-10 2230.07 2111.43
649 6.49e-10 2231.33 2110.65
650 6.5e-10 2232.25 2111.35
651 6.51e-10 2228.99 2110.75
652 6.52e-10 2230.64 2109.8
653 6.53e-10 2230.84 2110.65
654 6.54e-10 2228.99 2110.22
655 6.55e-10 2230.12 2108.31
656 6.56e-10 2231.23 2108.14
657 6.57e-10 2230.17 2110.86
658 6.58e-10 2229.2 2112.89
659 6.59e-10 2230.36 2113.11
660 6.6e-10 2230.32 2110.41
661 6.61e-10 2229.2 2113.57
662 6.62e-10 2229.41 2114
663 6.63e-10 2227.18 2116.31
664 6.64e-10 2227.7 2114.94
665 6.65e-10 2225.93 2114.36
666 6.66e-10 2226.63 2112.57
667 6.67e-10 2228.57 2111.93
668 6.68e-10 2227.13 2112.86
669 6.69e-10 2226.9 2114.95
670 6.7e-10 2227.9 2115.01
671 6.71e-10 2227.79 2114.46
672 6.72e-10 2227.11 2115.95
673 6.73e-10 2225.22 2117.14
674 6.74e-10 2226.54 2116.63
675 6.75e-10 2227.53 2115.64
676 6.76e-10 2225.4 2116.05
677 6.77e-10 2227.51 2114.44
678 6.78e-10 2226.97 2116.02
679 6.79e-10 2226.53 2115.09
680 6.8e-10 2225.43 2116.41
681 6.81e-10 2225.77 2119.01
682 6.82e-10 2224.75 2119.01
683 6.83e-10 2226.07 2117.67
684 6.84e-10 2223.65 2119.46
685 6.85e-10 2223.54 2117.91
686 6.86e-10 2223.23 2118.95
687 6.87e-10 2222.19 2121.87
688 6.88e-10 2220.35 2122.68
689 6.89e-10 2223.39 2122.58
690 6.9e-10 2221.7 2122.71
691 6.91e-10 2219.99 2121.88
692 6.92e-10 2220.91 2124.79
693 6.93e-10 2221.42 2123.09
694 6.94e-10 2220.71 2125.38
695 6.95e-10 2220.01 2127.98
696 6.96e-10 2219.14 2127.56
697 6.97e-10 2217.92 2126.87
698 6.98e-10 2219.25 2127.56
699 6.99e-10 2219.7 2127.16
700 7e-10 2218.09 2127.71
701 7.01e-10 2218.66 2128.41
702 7.02e-10 2217.37 2128.07
703 7.03e-10 2218.29 2129.59
704 7.04e-10 2218.66 2128.73
705 7.05e-10 2217.79 2129.48
706 7.06e-10 2216.76 2131.29
707 7.07e-10 2218.23 2129.53
708 7.08e-10 2219.02 2129.86
709 7.09e-10 2217.69 2129.53
710 7.1e-10 2217.79 2129.76
711 7.11e-10 2217.63 2130.9
712 7.12e-10 2218 2128.87
713 7.13e-10 2217.5 2129.13
714 7.14e-10 2216.17 2128.95
715 7.15e-10 2218.01 2130.04
716 7.16e-10 2215.17 2133.96
717 7.17e-10 2215.33 2132.26
718 7.18e-10 2215.45 2130.07
719 7.19e-10 2216.47 2129.05
720 7.2e-10 2215.3 2129.86
721 7.21e-10 2214.18 2130.88
722 7.22e-10 2215.25 2131.46
723 7.23e-10 2216.04 2130.96
724 7.24e-10 2216.15 2130.36
725 7.25e-10 2216.26 2130.01
726 7.26e-10 2217.13 2128.94
727 7.27e-10 2217.39 2131.14
728 7.28e-10 2218.95 2128.18
729 7.29e-10 2217.42 2127.75
730 7.3e-10 2217.1 2129.2
731 7.31e-10 2217.39 2127.03
732 7.32e-10 2218.4 2125.16
733 7.33e-10 2219.14 2124.71
734 7.34e-10 2217.99 2125.97
735 7.35e-10 2216.47 2128.31
736 7.36e-10 2215.92 2129.52
737 7.37e-10 2214 2130.24
738 7.38e-10 2215.24 2132.31
739 7.39e-10 2215.69 2132.83
740 7.4e-10 2215.09 2134.53
741 7.41e-10 2215.23 2132.78
742 7.42e-10 2214.85 2133.46
743 7.43e-10 2214.56 2134.63
744 7.44e-10 2214.05 2135.75
745 7.45e-10 2215.06 2136.56
746 7.46e-10 2216.49 2133.81
747 7.47e-10 2214.51 2134.56
748 7.48e-10 2213.88 2136.35
749 7.49e-10 2215.24 2133.98
750 7.5e-10 2214.56 2133.29
751 7.51e-10 2214.89 2133.17
752 7.52e-10 2214.85 2133.77
753 7.53e-10 2215.03 2135.44
754 7.54e-10 2215.05 2134.76
755 7.55e-10 2214.9 2136.04
756 7.56e-10 2215.36 2134.43
757 7.57e-10 2216.09 2133.92
758 7.58e-10 2214.14 2133.76
759 7.59e-10 2215.16 2131.72
760 7.6e-10 2213.47 2131.67
761 7.61e-10 2215.65 2128.6
762 7.62e-10 2216.83 2126.19
763 7.63e-10 2215.96 2129.86
764 7.64e-10 2215.53 2132.7
765 7.65e-10 2214.38 2134.1
766 7.66e-10 2212.96 2134.27
767 7.67e-10 2213.98 2132.72
768 7.68e-10 2213.11 2135.96
769 7.69e-10 2212.69 2136.04
770 7.7e-10 2213.71 2135.4
771 7.71e-10 2212.81 2135.55
772 7.72e-10 2213.21 2137.93
773 7.73e-10 2212.48 2138.55
774 7.74e-10 2211.41 2139.99
775 7.75e-10 2209.99 2140.51
776 7.76e-10 2208.86 2144.36
777 7.77e-10 2208.71 2143.48
778 7.78e-10 2208.52 2142.84
779 7.79e-10 2207.23 2143.18
780 7.8e-10 2207.85 2143.18
781 7.81e-10 2209.18 2141.51
782 7.82e-10 2206.81 2142.75
783 7.83e-10 2209.63 2143.23
784 7.84e-10 2209.54 2141.56
785 7.85e-10 2207.69 2140.29
786 7.86e-10 2208.61 2140.53
787 7.87e-10 2211.23 2141.03
788 7.88e-10 2209.45 2142.43
789 7.89e-10 2209.32 2143.45
790 7.9e-10 2211.25 2142.18
791 7.91e-10 2209.38 2142.64
792 7.92e-10 2208.81 2143.3
793 7.93e-10 2208.25 2141.85
794 7.94e-10 2208.27 2142.17
795 7.95e-10 2208.93 2141.58
796 7.96e-10 2209.4 2139.64
797 7.97e-10 2209.23 2138.62
798 7.98e-10 2208.85 2138.81
799 7.99e-10 2211.37 2138.59
800 8e-10 2210.27 2140.84
801 8.01e-10 2210.26 2140.02
802 8.02e-10 2211.25 2139.16
803 8.03e-10 2211.91 2136.17
804 8.04e-10 2210.97 2140.73
805 8.05e-10 2211.63 2141.2
806 8.06e-10 2209.99 2141.61
807 8.07e-10 2208.57 2143.82
808 8.08e-10 2206.8 2143.35
809 8.09e-10 2208.24 2144.21
810 8.1e-10 2207.52 2142.74
811 8.11e-10 2207.96 2144.21
812 8.12e-10 2207.58 2144.08
813 8.13e-10 2208.03 2145.47
814 8.14e-10 2208.8 2143.58
815 8.15e-10 2209.4 2145.33
816 8.16e-10 2208.92 2147.59
817 8.17e-10 2209.7 2150.23
818 8.18e-10 2207.2 2149.44
819 8.19e-10 2206.5 2149.03
820 8.2e-10 2207.78 2148.07
821 8.21e-10 2207.06 2146.92
822 8.22e-10 2207.38 2143.41
823 8.23e-10 2209.25 2141.27
824 8.24e-10 2207.28 2141.15
825 8.25e-10 2205.91 2142.88
826 8.26e-10 2206.76 2142.94
827 8.27e-10 2207.94 2146.28
828 8.28e-10 2208.11 2146.19
829 8.29e-10 2208.27 2145.29
830 8.3e-10 2206.57 2142.93
831 8.31e-10 2206.22 2145.28
832 8.32e-10 2205.24 2145.22
833 8.33e-10 2205.23 2145.11
834 8.34e-10 2207.05 2143.05
835 8.35e-10 2206.7 2144.09
836 8.36e-10 2206.26 2145.06
837 8.37e-10 2205.38 2143.61
838 8.38e-10 2209.03 2144.42
839 8.39e-10 2207.43 2142.16
840 8.4e-10 2206.93 2145.72
841 8.41e-10 2207.07 2145.29
842 8.42e-10 2208.76 2145.89
843 8.43e-10 2209.24 2142.58
844 8.44e-10 2207.67 2143.03
845 8.45e-10 2207.72 2143.71
846 8.46e-10 2208.3 2145.8
847 8.47e-10 2207.46 2145.81
848 8.48e-10 2206.04 2144.92
849 8.49e-10 2206.12 2143.6
850 8.5e-10 2206.78 2144.86
851 8.51e-10 2208.2 2143.64
852 8.52e-10 2206.59 2145.23
853 8.53e-10 2204.62 2149.32
854 8.54e-10 2204.61 2150.81
855 8.55e-10 2201.67 2151.65
856 8.56e-10 2202.8 2150.11
857 8.57e-10 2203.12 2150.31
858 8.58e-10 2203.62 2153.21
859 8.59e-10 2204.06 2151.73
860 8.6e-10 2205.01 2148.74
861 8.61e-10 2204.69 2149.54
862 8.62e-10 2204.42 2149.11
863 8.63e-10 2205.28 2147.77
864 8.64e-10 2203.65 2148.23
865 8.65e-10 2206.92 2145.56
866 8.66e-10 2205.53 2146.5
867 8.67e-10 2204.79 2147.6
868 8.68e-10 2204.78 2146.93
869 8.69e-10 2203.94 2147.55
870 8.7e-10 2204.29 2147.92
871 8.71e-10 2204.25 2148.05
872 8.72e-10 2204.64 2148.54
873 8.73e-10 2206.49 2148.7
874 8.74e-10 2204.81 2146.67
875 8.75e-10 2205.32 2147.42
876 8.76e-10 2205.95 2146.18
877 8.77e-10 2205.72 2145.73
878 8.78e-10 2204.82 2148.03
879 8.79e-10 2204.4 2149.27
880 8.8e-10 2204.83 2149.21
881 8.81e-10 2203.88 2151.7
882 8.82e-10 2204.15 2150.23
883 8.83e-10 2203.44 2153.24
884 8.84e-10 2202.97 2150.17
885 8.85e-10 2201.69 2148.7
886 8.86e-10 2200.54 2152.99
887 8.87e-10 2200.18 2153.58
888 8.88e-10 2201.43 2153.79
889 8.89e-10 2202.62 2154.48
890 8.9e-10 2202.15 2154.21
891 8.91e-10 2203.01 2153.9
892 8.92e-10 2202.67 2154.91
893 8.93e-10 2202.15 2155.69
894 8.94e-10 2201.98 2154.12
895 8.95e-10 2202.38 2153.01
896 8.96e-10 2203.34 2153.11
897 8.97e-10 2205.17 2150.48
898 8.98e-10 2207.17 2148.66
899 8.99e-10 2206.69 2148.81
900 9e-10 2205.97 2146.95
901 9.01e-10 2206.01 2146.2
902 9.02e-10 2205.1 2147.14
903 9.03e-10 2206.01 2144.56
904 9.04e-10 2205.24 2148.18
905 9.05e-10 2205.17 2147.56
906 9.06e-10 2205.39 2146.43
907 9.07e-10 2207.62 2145.05
908 9.08e-10 2209.4 2143.89
909 9.09e-10 2207.46 2142.76
910 9.1e-10 2207.98 2143.75
911 9.11e-10 2205.82 2143.65
912 9.12e-10 2205.33 2144.71
913 9.13e-10 2205.07 2148.3
914 9.14e-10 2205.61 2151.59
915 9.15e-10 2206.59 2149.32
916 9.16e-10 2203.02 2150.32
917 9.17e-10 2201.99 2150.89
918 9.18e-10 2203.19 2150.51
919 9.19e-10 2204.77 2151.3
920 9.2e-10 2204.64 2151.6
921 9.21e-10 2203.92 2151.6
922 9.22e-10 2202.29 2153.49
923 9.23e-10 2200.83 2153.99
924 9.24e-10 2201.23 2153.31
925 9.25e-10 2200.34 2155.48
926 9.26e-10 2201.47 2154.28
927 9.27e-10 2201.24 2157.28
928 9.28e-10 2198.35 2158.13
929 9.29e-10 2200.8 2154.91
930 9.3e-10 2201.27 2153.95
931 9.31e-10 2202.6 2154.41
932 9.32e-10 2199.83 2153.62
933 9.33e-10 2199.8 2155.69
934 9.34e-10 2199.27 2158.38
935 9.35e-10 2199.46 2156.65
936 9.36e-10 2200.29 2157.74
937 9.37e-10 2199.54 2157.31
938 9.38e-10 2198.82 2155.42
939 9.39e-10 2198.69 2156.98
940 9.4e-10 2198.23 2157.22
941 9.41e-10 2198.77 2153.67
942 9.42e-10 2199.02 2157.33
943 9.43e-10 2199.06 2157.38
944 9.44e-10 2199.85 2154.6
945 9.45e-10 2198.32 2155.56
946 9.46e-10 2198.66 2155.27
947 9.47e-10 2200.25 2153.42
948 9.48e-10 2201.56 2154.63
949 9.49e-10 2201.83 2152.3
950 9.5e-10 2200.64 2153.65
951 9.51e-10 2200.69 2155.56
952 9.52e-10 2199.81 2156.47
953 9.53e-10 2198.99 2157.85
954 9.54e-10 2200.32 2156.88
955 9.55e-10 2198.51 2156.33
956 9.56e-10 2200.65 2153.68
957 9.57e-10 2198.69 2155.31
958 9.58e-10 2200.73 2157.97
959 9.59e-10 2200.48 2156.9
960 9.6e-10 2199.8 2156.99
961 9.61e-10 2201.62 2155.87
962 9.62e-10 2200.69 2155.68
963 9.63e-10 2202.44 2154.49
964 9.64e-10 2201.8 2152.47
965 9.65e-10 2199.3 2154.19
966 9.66e-10 2201.67 2153.38
967 9.67e-10 2203.56 2150.93
968 9.68e-10 2202.44 2152.77
969 9.69e-10 2200.19 2154.04
970 9.7e-10 2199.6 2155.5
971 9.71e-10 2201.43 2153.68
972 9.72e-10 2202.58 2151.06
973 9.73e-10 2203.83 2150.04
974 9.74e-10 2203.33 2150.83
975 9.75e-10 2201.02 2151.34
976 9.76e-10 2202.58 2152.99
977 9.77e-10 2202.35 2153.95
978 9.78e-10 2203.57 2155.7
979 9.79e-10 2201.79 2156.52
980 9.8e-10 2200.97 2156.91
981 9.81e-10 2199.43 2158.02
982 9.82e-10 2196.38 2156.7
983 9.83e-10 2199.39 2156.86
984 9.84e-10 2197.47 2157.36
985 9.85e-10 2199.73 2157.01
986 9.86e-10 2198 2157.01
987 9.87e-10 2199.51 2159.27
988 9.88e-10 2196.45 2158.09
989 9.89e-10 2196.7 2160.45
990 9.9e-10 2197.58 2157.32
991 9.91e-10 2197.6 2156.47
992 9.92e-10 2197.45 2158.33
993 9.93e-10 2198.79 2156.6
994 9.94e-10 2199.62 2155.18
995 9.95e-10 2199.1 2155.68
996 9.96e-10 2199.01 2158.01
997 9.97e-10 2198.75 2157.77
998 9.98e-10 2198.92 2154.78
999 9.99e-10 2198.89 2155.57
1000 1e-09 2200.54 2155.43
